5.3000516635648375e-15
-3.2822525568446453e-12
-6.6091872051355375e-13
-1.8799810897750036e-13
-1.3484694094679116e-13
-1.3624502348581227e-13
-1.0856205776367375e-13
2.0954804456281999e-13
2.2652107146239718e-12
1.1819141659941139e-11
4.0859815212968510e-11
6.7075818747589545e-11
-1.9726004995674571e-10
-1.8905831148715105e-09
-7.4993074495130961e-09
-1.9846896158714607e-08
-3.9124807270513864e-08
-6.0480817707667885e-08
-7.5423666132512250e-08
-7.6873652680867502e-08
-6.3825019387196555e-08
-4.1378744393272303e-08
-1.5665142766335504e-08
1.0532503726650070e-08
3.6306341636863394e-08
6.0649578162443987e-08
8.2407202260640372e-08
1.0044045282062960e-07
1.1364817823495577e-07
1.2120367534915436e-07
1.2285695505760721e-07
1.1911115893789365e-07
1.1111995440567512e-07
1.0055240951362675e-07
8.9512036099218236e-08
8.0204184474728377e-08
7.4103362160390733e-08
7.1063947028300721e-08
6.8726105195369168e-08
6.2694767960955618e-08
4.7655789134119662e-08
1.9027072712369977e-08
-2.5139888740351695e-08
-8.2812878671046311e-08
-1.4795004313831015e-07
-2.1192060724425110e-07
-2.6600516019044350e-07
-3.0370140094820510e-07
-3.2206799902077451e-07
-3.2146058581856695e-07
-3.0431307011724336e-07
-2.7350638933821379e-07
-2.3138379816398620e-07
-1.7966812982724410e-07
-1.2019137681888274e-07
-5.5741871107455519e-08
9.6797365857176597e-09
7.1606547510465410e-08
1.2601443838549386e-07
1.6985646495945759e-07
2.0106087273987186e-07
2.1852401747844305e-07
2.2243849541517819e-07
2.1445916800472848e-07
1.9751957195810172e-07
1.7503655398998024e-07
1.5013707272398001e-07
1.2529785982718954e-07
1.0220616543190048e-07
8.1846473910099353e-08
6.4623974106583448e-08
5.0548301979814001e-08
3.9403390565751223e-08
3.0916537878646870e-08
2.4843411312560810e-08
2.0965217076555032e-08
1.9033021344999900e-08
1.8792358873073680e-08
2.0011464590331062e-08
2.2526970281875122e-08
2.6297028560468327e-08
3.1432069879675842e-08
3.8251048536103171e-08
4.7074366793552478e-08
5.8209794319296650e-08
7.1930981702339214e-08
8.8646980688811778e-08
1.0897315140447698e-07
1.3369391199831753e-07
1.6358965696548626e-07
1.9967392839739029e-07
2.4278893279001488e-07
2.9401371624680375e-07
3.5410334876968846e-07
4.2369948172569615e-07
5.0311562038461671e-07
5.9226033641556838e-07
6.9048005529869194e-07
7.9608098137096139e-07
9.0697363406996686e-07
1.0193816770640931e-06
1.1298405532522250e-06
1.2344459082934940e-06
1.3309696808253963e-06
1.4180304088332316e-06
1.4927743967006078e-06
1.5543959073957086e-06
1.6013969738958356e-06
1.6343875873918306e-06
1.6507974965078792e-06
1.6472822049191368e-06
1.6143973061352442e-06
1.5346183636707524e-06
1.3920670340897169e-06
1.1821154904664745e-06
9.2120375808740580e-07
6.7373238470156918e-07
4.7087454264795373e-07
2.8989142605674342e-07
1.1405053322507965e-07
-6.0017808448858687e-08
-2.2885287820483565e-07
-3.6673196182700699e-07
-5.0735706400578905e-07
-7.3083011588073642e-07
-1.1111084530242233e-06
-1.6645856503036816e-06
-2.2312761062850631e-06
-2.6586110209149722e-06
-2.9386413449976512e-06
-3.1071708614122524e-06
-3.2149338245169059e-06
-3.3063587610488111e-06
-3.3830628979268474e-06
-3.4356147477247637e-06
-3.4520757597159167e-06
-3.4198424851149916e-06
-3.3299388499697048e-06
-3.1801931506289457e-06
-2.9764340490470550e-06
-2.7311401958255799e-06
-2.4591417596678595e-06
-2.1758597835297731e-06
-1.8962165279040593e-06
-1.6323539469516022e-06
-1.3909428413542861e-06
-1.1743081925734612e-06
-9.8278514743376488e-07
-8.1500523548951788e-07
-6.6766628391034534e-07
-5.3848366176330843e-07
-4.2453470017541190e-07
-3.2239999040590760e-07
-2.3026567144395371e-07
-1.4638170271055953e-07
-6.8636484330041956e-08
4.8663754610801704e-09
7.6289439763724564e-08
1.4657165053595591e-07
2.1543932921900148e-07
2.8165518916217167e-07
3.4139119787721598e-07
3.8838557655657174e-07
4.0523392715933154e-07
3.7525563324858212e-07
2.5483084968487095e-07
-2.9750918180701052e-08
-5.4193660687087625e-07
-1.4835059232919439e-06
-2.7250021393361658e-06
-3.5804481825639945e-06
-3.6046622611457703e-06
-2.9556801191284533e-06
-2.0153542631737942e-06
-1.0558379431320785e-06
-1.8133150888167248e-07
5.8984764449149826e-07
1.2756526383648515e-06
1.8916948567450601e-06
2.4287853660882536e-06
2.8416743323904118e-06
3.0438577754693494e-06
2.9361682280922028e-06
2.4882510474070679e-06
1.8399753488076784e-06
1.2661491480981146e-06
9.4917037969645534e-07
8.5984087130625814e-07
8.4331192210698924e-07
5.7963082111783374e-07
-3.0454086244370196e-07
-1.6585982999574545e-06
-2.7471044823200157e-06
-2.9697852604419122e-06
-2.3844062269336488e-06
-1.4438816810174859e-06
-5.3289672018943042e-07
1.6291525378942051e-07
6.1101985782753254e-07
8.3603021425147830e-07
8.6533899575180241e-07
8.3552082419819536e-07
9.7405263989297915e-07
1.2635328169718423e-06
1.2947366305763119e-06
6.7255157491926698e-07
-4.0978697065565611e-07
-1.2827884422394853e-06
-1.4703160481174836e-06
-1.0915831998353496e-06
-5.9875601347370591e-07
-2.6439674859725560e-07
1.1262458956473845e-08
3.5725931478281780e-07
6.3225191926487603e-07
5.8781444584678307e-07
2.9222682889918582e-07
3.1180475696080533e-08
-5.8243280606761256e-08
-4.1928543048654354e-08
-1.3539432993719526e-08
-7.4610889965059941e-10
2.0013034703455920e-09
1.7501682552336357e-09
1.1885190624020757e-09
7.9679933547496299e-10
5.6115996046867803e-10
5.5269010325159789e-10
1.5456128222921817e-09
-5.4848066011086474e-12
7.1827960123045763e-14
