4.0293201495628428e-14
-3.2438921369973729e-12
-6.2352194889864059e-13
-1.5034326992448380e-13
-9.6539162879491958e-14
-9.7142144360797711e-14
-6.8291292076810363e-14
2.5282502105996163e-13
2.3153757633212584e-12
1.1840663187863790e-11
4.0382653321359119e-11
6.3106187727373780e-11
-2.1710259798199405e-10
-1.9605613953246376e-09
-7.6807126159815600e-09
-2.0202932503689628e-08
-3.9670148813185740e-08
-6.1146186741388546e-08
-7.6065872875600271e-08
-7.7327457770963570e-08
-6.3981996331078308e-08
-4.1233946550020335e-08
-1.5268531882781306e-08
1.1170422415502413e-08
3.7208593696844793e-08
6.1843230723760107e-08
8.3894684024021540e-08
1.0218153885347884e-07
1.1555233449304832e-07
1.2313355827900697e-07
1.2465558548465150e-07
1.2064457069962063e-07
1.1231664013888875e-07
1.0142155313934689e-07
9.0132480497873628e-08
8.0696294762292520e-08
7.4601849959635525e-08
7.1678480141998981e-08
6.9491817620500996e-08
6.3580595693671152e-08
4.8510649851123727e-08
1.9624423798149194e-08
-2.5083705224246603e-08
-8.3574109342248139e-08
-1.4972337519712212e-07
-2.1479161592232726e-07
-2.6990241783910581e-07
-3.0848090748593595e-07
-3.2747468970251163e-07
-3.2723203781582505e-07
-3.1013723235180144e-07
-2.7906890129805592e-07
-2.3636742264864432e-07
-1.8376940889381286e-07
-1.2315514836939986e-07
-5.7383696606547418e-08
9.4823410158449255e-09
7.2885596960101375e-08
1.2871332313389765e-07
1.7380209189599973e-07
2.0595453074369684e-07
2.2396445375411029e-07
2.2797821391923836e-07
2.1968976611835692e-07
2.0209574828863899e-07
1.7878501594926193e-07
1.5304548123341785e-07
1.2745529314504457e-07
1.0373356003002044e-07
8.2849191460559773e-08
6.5219402536878359e-08
5.0902022578731690e-08
3.9729473501535494e-08
3.1398482691490887e-08
2.5518466911484892e-08
2.1684668039723061e-08
1.9552575419653345e-08
1.8901853950144193e-08
1.9614940496110805e-08
2.1662264676014991e-08
2.5109867083646454e-08
3.0116909280593863e-08
3.6926694937137915e-08
4.5798458486198835e-08
5.7104678935466890e-08
7.1356429122923858e-08
8.9121966227139566e-08
1.1092471934869077e-07
1.3723978998623848e-07
1.6874234231199097e-07
2.0639080769203891e-07
2.5122901431749715e-07
3.0451919836695096e-07
3.6745029354222129e-07
4.4093307024845201e-07
5.2535346920210382e-07
6.2044620895550222e-07
7.2509818431085721e-07
8.3744064457761016e-07
9.5476801458630876e-07
1.0736381253778278e-06
1.1901150921487271e-06
1.3010132484803614e-06
1.4040320970359613e-06
1.4973380862929643e-06
1.5790751210903192e-06
1.6462602083597502e-06
1.6992310020106404e-06
1.7359948913536949e-06
1.7542293255482074e-06
1.7489089858820090e-06
1.7086045789990869e-06
1.6157634027371889e-06
1.4538818593274069e-06
1.2179286208790072e-06
9.2831215075304818e-07
6.5239929992760208e-07
4.2468750631550964e-07
2.2279667914441481e-07
2.9320942010132466e-08
-1.6480657757077262e-07
-3.4329135304568852e-07
-4.8361643490551667e-07
-6.2102834476849793e-07
-8.4430788129452745e-07
-1.2252496048720423e-06
-1.7641382716941437e-06
-2.2988420608230060e-06
-2.7052613353861003e-06
-2.9719979155660792e-06
-3.1348669531782464e-06
-3.2502313991227405e-06
-3.3543671126766727e-06
-3.4474693605501439e-06
-3.5161712089718721e-06
-3.5474694597578537e-06
-3.5278007712373762e-06
-3.4464800402528173e-06
-3.3019467352101378e-06
-3.1000016748710187e-06
-2.8524339820229201e-06
-2.5749778940418468e-06
-2.2838283882408175e-06
-1.9947775586346984e-06
-1.7201546109135231e-06
-1.4668211175915771e-06
-1.2380063799125122e-06
-1.0344995819828014e-06
-8.5553908865774345e-07
-6.9939154462057007e-07
-5.6320071464294217e-07
-4.4376569852700476e-07
-3.3824592025832533e-07
-2.4373051135165910e-07
-1.5769355412919201e-07
-7.7982226853029122e-08
-2.3448698813539878e-09
7.1399209708547117e-08
1.4450801770411085e-07
2.1702750418112299e-07
2.8725770765012753e-07
3.5135950590312902e-07
4.0256015020356816e-07
4.2397945008348900e-07
3.9579392213100266e-07
2.7277981824566498e-07
-1.8685082575324052e-08
-5.5464051345841651e-07
-1.5396759376062561e-06
-2.8406037906835720e-06
-3.7517918063985027e-06
-3.7958281548224736e-06
-3.1235066482596882e-06
-2.1340020644402455e-06
-1.1195484827366603e-06
-1.9485456227474727e-07
6.1865813406907391e-07
1.3391317525668417e-06
1.9837674470095936e-06
2.5442540921434881e-06
2.9747769532935965e-06
3.1862450352615706e-06
3.0748228454205721e-06
2.6065693295277369e-06
1.9249536520594607e-06
1.3171849676512829e-06
9.7778544128022010e-07
8.7729832970548572e-07
8.5241065060715435e-07
5.7746238632826456e-07
-3.3055517386461855e-07
-1.7265753204125514e-06
-2.8563914913248808e-06
-3.0910145275283144e-06
-2.4807153746586032e-06
-1.4964257964740828e-06
-5.4336797106440460e-07
1.8317304412696581e-07
6.4910886589248180e-07
8.8026311466014666e-07
9.0566304721448088e-07
8.6329360460531647e-07
9.8850620294798995e-07
1.2712755766168263e-06
1.2981947287849961e-06
6.6421760681871277e-07
-4.3593021330863799e-07
-1.3202171482307896e-06
-1.5046680745697107e-06
-1.1130517630783641e-06
-6.0604416972224925e-07
-2.6238961132734385e-07
1.8329897947561024e-08
3.6723510032412019e-07
6.4262770046811953e-07
5.9573647378656859e-07
2.9630762560589336e-07
3.2257000241616991e-08
-5.8486112088265499e-08
-4.2208010102779825e-08
-1.3600938954897181e-08
-7.3038357130253411e-10
2.0182616798657532e-09
1.7595409396637949e-09
1.1942334234428434e-09
8.0107994202297775e-10
5.6470031785590205e-10
5.5664210515089969e-10
1.5612066410666351e-09
-4.9595273397297918e-12
4.5404142629609344e-13
