4.7673311289994537e-14
-1.7999491616165894e-12
-3.2286672891759679e-13
-6.4215807421291489e-14
-3.6371390775669323e-14
-3.9409715242236579e-14
-2.3117202491306452e-14
2.1406374435074430e-13
1.9651560976432068e-12
1.1561510140720188e-11
5.0506146041197627e-11
1.5594489423293367e-10
2.6747428398538447e-10
-2.1112341738041777e-10
-3.0635091149024950e-09
-1.0989617977517792e-08
-2.5305319464675935e-08
-4.3170253749107680e-08
-5.7876842408951496e-08
-6.2992822959787541e-08
-5.6601830790996508e-08
-4.1810803633013155e-08
-2.3218493731973323e-08
-3.4902205373750568e-09
1.6255330349637421e-08
3.4842285381457652e-08
5.1194584592756438e-08
6.4460678610996106e-08
7.4064094174491227e-08
7.9741698817843255e-08
8.1551484520043682e-08
7.9787563818946595e-08
7.4832435791312944e-08
6.7099541507731693e-08
5.7229899918947991e-08
4.6484070752196323e-08
3.6900584703518481e-08
3.0936104149160338e-08
3.0449295170247701e-08
3.5412571222337274e-08
4.3018373067372774e-08
4.7682608193326031e-08
4.2176982262635597e-08
1.9866387834924517e-08
-2.2442374684256125e-08
-8.2134612964542989e-08
-1.5047647956264158e-07
-2.1502532451030883e-07
-2.6396478575518433e-07
-2.9006438080259267e-07
-2.9206907694175064e-07
-2.7304381718909782e-07
-2.3731322463634250e-07
-1.8834133714339054e-07
-1.2891225251990869e-07
-6.2764190505698264e-08
4.3833197899327616e-09
6.5896822047211407e-08
1.1634056396180594e-07
1.5273192815706542e-07
1.7431698532946361e-07
1.8193155635753242e-07
1.7771272973211063e-07
1.6470720884526896e-07
1.4616101052791380e-07
1.2489097348550482e-07
1.0306734035812058e-07
8.2229101847642107e-08
6.3333286089728576e-08
4.6923912129612686e-08
3.3262572321070969e-08
2.2398653221739553e-08
1.4208117526171035e-08
8.4187552781753496e-09
4.6833513715545086e-09
2.6418158631770730e-09
1.9906077006992424e-09
2.4594267256255171e-09
3.7932446356323549e-09
5.7841623596832496e-09
8.2892404078637144e-09
1.1293592855425056e-08
1.4922880539910469e-08
1.9502836786151475e-08
2.5469476441153004e-08
3.3215559412408496e-08
4.3121993492032805e-08
5.5620308235020352e-08
7.1138533890290443e-08
9.0219329285566661e-08
1.1367341731828210e-07
1.4265390175949234e-07
1.7870495019579337e-07
2.2360659749658418e-07
2.7940752228528959e-07
3.4822498571691869e-07
4.3237047753404425e-07
5.3394489804643171e-07
6.5512485360225041e-07
7.9786720944618940e-07
9.6316866903711858e-07
1.1523851560089031e-06
1.3649801984632569e-06
1.6002158736356756e-06
1.8544858334053764e-06
2.1222385265711662e-06
2.3984125019285528e-06
2.6785995061285878e-06
2.9698712559958149e-06
3.2827394319466897e-06
3.6311401559726322e-06
4.0422881715949964e-06
4.4862997275990582e-06
4.8806863680334250e-06
5.0862834824852371e-06
4.8318309481765878e-06
3.9643973854317876e-06
2.9425323251726237e-06
2.1314404055450424e-06
1.5545893520803555e-06
6.9342679714842581e-07
-4.3492159189283655e-07
-1.4581773108505263e-06
-2.6094610040378494e-06
-4.3273575744740995e-06
-6.8703561404671023e-06
-8.3498667141135622e-06
-8.4550548829505058e-06
-7.9926750990265783e-06
-7.3614377440311361e-06
-6.7573686285650777e-06
-6.2529116069033715e-06
-5.8125922844658177e-06
-5.3880317257641208e-06
-4.9385736574385793e-06
-4.4510361135466431e-06
-3.9342828490002665e-06
-3.4116301442312613e-06
-2.9057970075859990e-06
-2.4354677499481751e-06
-2.0145084401241412e-06
-1.6496096948796859e-06
-1.3403534844540755e-06
-1.0808451456778119e-06
-8.6293594170075085e-07
-6.7935801817093503e-07
-5.2550283862112970e-07
-3.9853289449020451e-07
-2.9553401695271742e-07
-2.1215886503859188e-07
-1.4264373877005308e-07
-8.3366434813412085e-08
-3.2496914956885797e-08
1.0986223019132653e-08
4.8606604772779683e-08
8.3273817044036137e-08
1.1763761784527816e-07
1.5273271095231208e-07
1.8981404670831382e-07
2.3031559832550272e-07
2.7262967298948023e-07
3.1887553225923073e-07
3.6066034740387456e-07
3.9873819906343743e-07
4.0804307712326287e-07
3.7991329790021562e-07
2.5554630662581412e-07
-3.2390784765173300e-08
-5.6159823455588909e-07
-1.5362706396173817e-06
-2.7096481588452223e-06
-3.3352206393151224e-06
-3.0460978266250331e-06
-2.0965957584484388e-06
-9.1720991092509882e-07
2.0392224392432417e-07
1.1486913959554476e-06
1.8905245348119224e-06
2.3970498528879333e-06
2.5895079652209277e-06
2.3952126437958232e-06
1.8465159253030765e-06
1.1623949816177996e-06
6.1933395385090978e-07
3.6130000663719108e-07
3.7460726102804770e-07
4.8836691148809436e-07
5.7008257573868584e-07
6.1171964310667703e-07
4.1779653442404393e-07
-2.9946309451458438e-07
-1.3181298233495798e-06
-1.9803630229073282e-06
-1.8968764052148373e-06
-1.2547304048700151e-06
-4.6887331375471259e-07
1.4792334345240498e-07
4.2238705144318215e-07
4.2917423261398387e-07
3.7450571905356739e-07
3.3041327608028430e-07
3.9704602116635583e-07
6.7568639270041909e-07
9.5265885682880420e-07
8.0446587621431519e-07
1.4218137544689250e-07
-5.9483110202608646e-07
-9.2598124604367191e-07
-7.8918909838272765e-07
-4.7485927313807396e-07
-2.7967805513399602e-07
-1.9583626199985469e-07
3.7715130993316291e-10
3.3306251622263129e-07
5.2189158287215445e-07
3.9049323346578307e-07
1.2701776784852270e-07
-2.9673361930962024e-08
-5.1459119668444341e-08
-2.7462972824918740e-08
-8.3980329508264361e-09
-5.6219434770089475e-10
1.1014430682573924e-09
9.3331275647151246e-10
6.1081968521360565e-10
4.0336002613304031e-10
2.8329027226190256e-10
2.7839795341797105e-10
7.8051857158460648e-10
-2.1272527079186555e-12
6.2542036288133772e-13
