-6.5585136668548529e-17
-3.1078614433851732e-12
-6.2941196850397230e-13
-1.7767397468931478e-13
-1.2555696343279234e-13
-1.2422743440869024e-13
-9.0722462156199472e-14
2.4552738239482642e-13
2.3741944772869340e-12
1.2146821981827506e-11
4.1079798841687398e-11
6.1070980875754932e-11
-2.4488125214371613e-10
-2.1010527551024536e-09
-8.1355596016529313e-09
-2.1271172190058746e-08
-4.1628263315384349e-08
-6.4077750871223579e-08
-7.9740520983376616e-08
-8.1238954181866704e-08
-6.7582356086646068e-08
-4.4232596414264922e-08
-1.7601859594104154e-08
9.6096521790692696e-09
3.6689774691744889e-08
6.2712324447789444e-08
8.6440482036852696e-08
1.0655382397682383e-07
1.2170695535697379e-07
1.3079333706024856e-07
1.3335097316644459e-07
1.2984863829132004e-07
1.2158234393494420e-07
1.1048134473195013e-07
9.8971543704358815e-08
8.9517380235228668e-08
8.3698895492061613e-08
8.1234197646753977e-08
7.9381364613938994e-08
7.3233998893108481e-08
5.6861753789917410e-08
2.5170810190694519e-08
-2.4039678737083368e-08
-8.8614135601592619e-08
-1.6198985591197990e-07
-2.3470400838988504e-07
-2.9710177369352920e-07
-3.4182835293667666e-07
-3.6535248276054287e-07
-3.6771501617046590e-07
-3.5127168169408548e-07
-3.1895110114391461e-07
-2.7314557260256718e-07
-2.1564114155551327e-07
-1.4838021835018849e-07
-7.4451647360815482e-08
1.6337314847459602e-09
7.4641046405509924e-08
1.3974661654319783e-07
1.9311862709143389e-07
2.3199650868591796e-07
2.5472624972827840e-07
2.6118134303894638e-07
2.5312703659450149e-07
2.3387131655822735e-07
2.0745507249682773e-07
1.7777438623711908e-07
1.4786612246673371e-07
1.1983981652207989e-07
9.4946291130489269e-08
7.3732551771779498e-08
5.6233862683303750e-08
4.2194545325149345e-08
3.1281493988289405e-08
2.3208686778273048e-08
1.7773534687470907e-08
1.4764734731466285e-08
1.3959968347405501e-08
1.5092022362274500e-08
1.7925012899998586e-08
2.2368029246411286e-08
2.8526311647715183e-08
3.6788408692391700e-08
4.7583792205904330e-08
6.1395605602532161e-08
7.8657099641983227e-08
9.9840090352459192e-08
1.2563363986463224e-07
1.5696922225617963e-07
1.9494690076962617e-07
2.4105486233530875e-07
2.9639180892402603e-07
3.6228467400449372e-07
4.3969024515672193e-07
5.2936830904453412e-07
6.3168099220039455e-07
7.4643868478400490e-07
8.7275430217345177e-07
1.0082216833944619e-06
1.1503357691353009e-06
1.2942162197759437e-06
1.4362266570159405e-06
1.5718241102951697e-06
1.6969262233879362e-06
1.8082574612886570e-06
1.9022849717780605e-06
1.9803999801768000e-06
2.0403391347331507e-06
2.0836767924213165e-06
2.1076341680981235e-06
2.1084259260877037e-06
2.0728319098130012e-06
1.9777273740283444e-06
1.8031444514067598e-06
1.5435221812896745e-06
1.2179842676307931e-06
9.0640400072754372e-07
6.4676624879810754e-07
4.1243823300369667e-07
1.8328370014065110e-07
-6.0635325951072708e-08
-3.0490002432832846e-07
-5.1282505374330436e-07
-7.1810268151559111e-07
-1.0165278518976151e-06
-1.4973346774862769e-06
-2.1894748734705888e-06
-2.8953954605820902e-06
-3.4188509833857758e-06
-3.7500749044026989e-06
-3.9433876694596469e-06
-4.0750683478969221e-06
-4.1928387944766710e-06
-4.2923296953663504e-06
-4.3597001959088468e-06
-4.3787759021230937e-06
-4.3344854255882217e-06
-4.2156234094759627e-06
-4.0202843740258198e-06
-3.7563245040485734e-06
-3.4396429714770038e-06
-3.0890378008481856e-06
-2.7254015676857440e-06
-2.3673845028554062e-06
-2.0294305923000813e-06
-1.7200428314132560e-06
-1.4430377543258016e-06
-1.1984330681526334e-06
-9.8412973933507884e-07
-7.9651784570095794e-07
-6.3165433003793051e-07
-4.8621350266147742e-07
-3.5730867775663138e-07
-2.4181764107074932e-07
-1.3666575498894717e-07
-3.9094172593660466e-08
5.2989404044433226e-08
1.4128725972823306e-07
2.2695311328243940e-07
3.1030666830973169e-07
3.8952442139052698e-07
4.5886496707637128e-07
5.1124031770877399e-07
5.2516483335194217e-07
4.8092217423217035e-07
3.1915895423627362e-07
-4.5970590648105053e-08
-6.9939529894948838e-07
-1.8845014859181773e-06
-3.3777348302027270e-06
-4.3203528668250161e-06
-4.2406543943948659e-06
-3.3916535525139043e-06
-2.2446034606683271e-06
-1.1109130051359819e-06
-9.8078370351020292e-08
7.8285448980211916e-07
1.5575084158261655e-06
2.2464157079575823e-06
2.8420113419830076e-06
3.2973050246146128e-06
3.5199235952937181e-06
3.3986766668943440e-06
2.8891472195062621e-06
2.1336875676793923e-06
1.4385610707419690e-06
1.0283413860365501e-06
8.9220478350913795e-07
8.4956906386660935e-07
5.2539757899761284e-07
-4.8221766676461848e-07
-1.9710348896229424e-06
-3.1146178705546063e-06
-3.2836538868874311e-06
-2.5887945130722129e-06
-1.5404316402080697e-06
-5.4463426383065126e-07
2.1676751660402382e-07
7.1438794008140968e-07
9.6618646489746548e-07
9.9386324612968943e-07
9.3711867120099823e-07
1.0434342248497016e-06
1.3097279557232647e-06
1.3167015010467446e-06
6.4969013229105608e-07
-4.8877960624358075e-07
-1.3912371167898928e-06
-1.5610805495096475e-06
-1.1367149106956179e-06
-5.9837797558223139e-07
-2.3673155841828450e-07
4.0860398248460152e-08
3.7993936004123887e-07
6.5174011028979132e-07
6.0241358454685928e-07
2.9713592111282706e-07
2.8194095376285948e-08
-6.2832639879628686e-08
-4.4279571508697206e-08
-1.4117477286692161e-08
-7.6951268170470148e-10
2.0537562971193934e-09
1.7921304945496268e-09
1.2183006702217265e-09
8.1881882878428286e-10
5.7820455381010819e-10
5.7100763992236197e-10
1.6113533132496221e-09
-5.0701961630654730e-12
-8.8912672395618409e-16
