010100000000000000000000000001000000000000
101010000000000000000000000000000000000000
010001000000010000000000000000000000000000
100010100000000000000000000000000000000000
010101000000000000000000000000000000000000
001010010000000000000000000000000000000000
000100011000000000000000000000000000000000
000001101000000000000000000000000000000000
000000110100000000000000000000000000000000
000000001011000000000000000000000000000000
000000000100100000000000000000000000000000
000000000100100000001000000000000000000000
000000000011000000000000100000000000000000
001000000000001100000000000000000000000000
000000000000010011000000000000000000000000
000000000000010001100000000000000000000000
000000000000001000001100000000000000000000
000000000000001100010000000000000000000000
000000000000000100010000001000000000000000
000000000000000001100000000000000001000000
000000000001000010000010000000000000000000
000000000000000010000001000000000001000000
000000000000000000001001100000000000000000
000000000000000000000110010000000000000000
000000000000100000000010010000000000000000
000000000000000000000001100000000000000010
000000000000000000100000000100100000000000
000000000000000000000000001010000100000000
000000000000000000000000000101000100000000
100000000000000000000000000010000010000000
000000000000000000000000001000010000100000
000000000000000000000000000000101000010000
000000000000000000000000000000010110000100
000000000000000000000000000110001000000000
000000000000000000000000000001001000000000
000000000000000000010100000000000000100000
000000000000000000000000000000100001010000
000000000000000000000000000000010000101000
000000000000000000000000000000000000010110
000000000000000000000000000000001000001011
000000000000000000000000010000000000001101
000000000000000000000000000000000000000110